6 5
1 5
6 15000
3 30000
6 25000
3 40000
6 27000
5 30872 35338 387 865 1131
4 5
6 15000
3 30000
6 25000
3 40000
6 27000
21 273 778 1300 665 859
13 2108 4679 1852 837 1078
27 1026 3077 1 2652 2397
26 2298 3496 1843 1925 1875
7 5
6 15000
3 30000
6 25000
3 40000
6 27000
11 2265 2355 1923 882 1022
2 2155 5112 2505 935 2810
25 2802 3429 2163 271 2605
8 2686 4298 2976 1404 374
30 1831 4088 113 313 472
17 1539 2219 2897 2214 2949
21 2366 3531 1250 2977 2951
10 5
6 15000
3 30000
6 25000
3 40000
6 27000
10 2991 5483 2795 943 2546
14 1358 3491 1626 2681 745
9 2744 3717 2951 2909 2320
6 1298 1782 276 2871 2153
30 498 2648 2948 992 1760
14 886 1581 1355 267 2265
26 2284 2839 1642 2114 293
26 977 1997 87 2336 359
18 126 3102 393 772 1626
14 620 2705 1259 1087 285
13 5
6 15000
3 30000
6 25000
3 40000
6 27000
3 566 1720 2807 1249 2127
23 2448 2637 1364 1778 1264
1 1917 3781 1672 2497 349
14 1932 2083 308 1988 2424
14 2340 3470 2743 907 2359
8 1866 3753 343 2588 1899
25 297 1050 352 1448 868
2 1150 3689 2188 1124 788
28 1554 3209 468 274 1037
19 2102 3070 811 580 324
11 2780 2816 669 2638 311
19 2113 2788 2410 1359 1923
23 1889 4181 2195 2582 2307
16 5
6 15000
3 30000
6 25000
3 40000
6 27000
1 792 1354 1731 1485 2994
3 1887 2805 1220 2582 98
1 1256 1984 2826 132 2929
15 1468 3609 1507 955 2438
23 2383 4161 1308 2820 1577
13 437 1335 2842 1787 1872
21 1976 2832 1609 1792 820
12 1376 2911 1989 1508 348
19 1383 1797 1780 2224 1851
2 2445 4837 726 1472 48
20 252 1918 92 10 2172
4 2123 4904 2288 2047 2660
1 2555 4830 1112 398 502
23 1795 3213 2779 2668 2276
17 133 1218 947 234 1069
4 2566 4637 1799 279 866